Wall_Side_R [[8.905135154724121,-9.642300256018643e-7,-12.775613784790039],[9.556492805480957,5.800000190734863,7.980706214904785]]
Parapet [[-8.5,-0.0000012008746352876187,-15.908698081970215],[8.5,0.9999988675117493,-14.402381896972656]]
Lintel [[-8.41878604888916,5.473803997039795,-13.69999885559082],[8.418818473815918,5.7994842529296875,-12.90965747833252]]
Wing_R [[-9.423144340515137,-2.384185791015625e-7,-6.200000286102295],[-9.373143196105957,3.8399996757507324,-5.400000095367432]]
Ceiling_Slab [[-9,5.7999982833862305,-13.199999809265137],[9,6.800000190734863,12.09999942779541]]
Podest [[4.799999237060547,-0.0000011002000519511057,-8.3057222366333],[9.27912425994873,0.36000025272369385,-2.465000629425049]]
Wall_Side_L [[-9.556492805480957,-9.642300256018643e-7,-12.775613784790039],[-8.905135154724121,5.800000190734863,7.980706214904785]]
Wing_L [[-9.42314338684082,-2.384185791015625e-7,-5.400000095367432],[-9.373144149780273,3.8399996757507324,-4.599999904632568]]
Door_Frame [[-9.398143768310547,-4.4051625991414767e-7,-6.4979119300842285],[-9.248143196105957,4.139888763427734,-4.302088737487793]]
Alfeizar_|_canto_de_piedra_pulida [[-8.5,0.9799999911338091,-14.440000385046005],[8.5,1.0399999897927046,-14.260000377893448]]
Columna_01_|_perfil_original_y_24_hiladas_1 [[-3.7257213592529297,-0.0000351735288859345,7.386701285839081],[-2.2742700576782227,5.800000190734863,8.816297173500061]]
Columna_01_|_perfil_original_y_24_hiladas_2 [[-3.7257555723190308,-0.0000351735288859345,7.375739276409149],[-2.2742358446121216,5.38700008392334,8.827259004116058]]
Columna_02_|_perfil_original_y_24_hiladas_1 [[-3.7257555723190308,-4.494271266253236e-8,-0.725760281085968],[-2.2742358446121216,5.80003547668457,0.7257594466209412]]
Columna_02_|_perfil_original_y_24_hiladas_2 [[-3.6966711282730103,1.4730000495910645,-0.6966757774353027],[-2.303320288658142,5.142000198364258,0.6966750025749207]]
Columna_03_|_perfil_original_y_24_hiladas_1 [[-3.7257555723190308,-4.526313261976611e-7,-6.125760078430176],[-2.2742358446121216,5.800034999847412,-4.674240827560425]]
Columna_03_|_perfil_original_y_24_hiladas_2 [[-3.6858417987823486,1.2279996871948242,-6.085846483707428],[-2.3141496181488037,4.896999835968018,-4.714154422283173]]
Columna_04_|_perfil_original_y_24_hiladas_1 [[-3.72575706243515,-0.0000029480781904567266,-15.910064697265625],[-2.274234354496002,5.799998760223389,-12.474238276481628]]
Columna_04_|_perfil_original_y_24_hiladas_2 [[-3.682307183742523,0.9829999208450317,-15.552589893341064],[-2.317684292793274,4.6519999504089355,-12.51768809556961]]
Columna_05_|_perfil_original_y_24_hiladas_1 [[-9.725757539272308,-5.475457101056236e-7,7.37573778629303],[-8.27423483133316,5.800000190734863,8.827260494232178]]
Columna_05_|_perfil_original_y_24_hiladas_2 [[-9.693136632442474,0.7379998564720154,7.408358693122864],[-8.306855261325836,4.4070000648498535,8.794640064239502]]
Columna_06_|_perfil_original_y_24_hiladas_1 [[-9.725756049156189,-0.000035501823731465265,1.9757400155067444],[-8.27423632144928,5.631999969482422,3.4272597432136536]]
Columna_06_|_perfil_original_y_24_hiladas_2 [[-9.703964531421661,0.4929995536804199,1.9975312948226929],[-8.296027481555939,5.800000190734863,3.40546852350235]]
Columna_07_|_perfil_original_y_24_hiladas_1 [[-9.725757539272308,-0.0000013629202157972031,-3.424261212348938],[-8.27423483133316,5.799999713897705,-1.9727386236190796]]
Columna_07_|_perfil_original_y_24_hiladas_2 [[-9.714795470237732,0.247999906539917,-3.413299262523651],[-8.285196721553802,5.631999969482422,-1.9837005138397217]]
Columna_08_|_perfil_original_y_24_hiladas_1 [[-9.714793980121613,-0.00003629724960774183,-8.816297054290771],[-8.274270415306091,5.799999237060547,-7.386701345443726]]
Columna_08_|_perfil_original_y_24_hiladas_2 [[-9.725756049156189,-0.00003629724960774183,-8.827259004116058],[-8.27423632144928,5.38700008392334,-7.375739276409149]]
Columna_09_|_perfil_original_y_24_hiladas_1 [[-9.595285296440125,-0.0000371160167560447,-15.910053014755249],[-8.274236381053925,5.799998760223389,-12.474239826202393]]
Columna_09_|_perfil_original_y_24_hiladas_2 [[-9.503300666809082,1.472999930381775,-15.374385356903076],[-8.356080412864685,5.142000198364258,-12.556084096431732]]
Columna_10_|_perfil_original_y_24_hiladas_1 [[2.274245023727417,-0.0002424367849016562,7.375748455524445],[3.7257463932037354,5.800000190734863,8.827249825000763]]
Columna_10_|_perfil_original_y_24_hiladas_2 [[2.3285242319107056,1.2279999256134033,7.430028259754181],[3.6714671850204468,4.896999835968018,8.772970795631409]]
Columna_11_|_perfil_original_y_24_hiladas_1 [[2.2742358446121216,-4.494271266253236e-8,-0.725760281085968],[3.7257555723190308,5.80003547668457,0.7257594466209412]]
Columna_11_|_perfil_original_y_24_hiladas_2 [[2.32497900724411,0.9829999804496765,-0.6750171184539795],[3.6750124096870422,4.6519999504089355,0.6750163435935974]]
Columna_12_|_perfil_original_y_24_hiladas_1 [[2.2742358446121216,-4.526313261976611e-7,-6.125760078430176],[3.7257555723190308,5.800034999847412,-4.674240827560425]]
Columna_12_|_perfil_original_y_24_hiladas_2 [[2.335808277130127,0.7379999756813049,-6.0641878843307495],[3.6641831398010254,4.4070000648498535,-4.735813021659851]]
Columna_13_|_perfil_original_y_24_hiladas_1 [[2.274235785007477,-0.0000349259571521543,-15.910053730010986],[3.7257556319236755,5.638031959533691,-12.474239706993103]]
Columna_13_|_perfil_original_y_24_hiladas_2 [[2.2960270643234253,0.49299997091293335,-15.73078203201294],[3.7039658427238464,5.799998760223389,-12.496030926704407]]
Columna_14_|_perfil_original_y_24_hiladas_1 [[8.274245500564575,-0.00024243679945357144,7.375748455524445],[9.725746870040894,5.800000190734863,8.827249825000763]]
Columna_14_|_perfil_original_y_24_hiladas_2 [[8.285207390785217,0.2479996681213379,7.386710464954376],[9.714784860610962,5.631999969482422,8.816287994384766]]
Columna_15_|_perfil_original_y_24_hiladas_1 [[8.274477899074554,-0.00024297137861140072,1.9867111444473267],[9.725514471530914,5.800000190734863,3.416288673877716]]
Columna_15_|_perfil_original_y_24_hiladas_2 [[8.274245500564575,-0.00024297137861140072,1.9757491946220398],[9.725746870040894,5.38700008392334,3.427250564098358]]
Columna_16_|_perfil_original_y_24_hiladas_1 [[8.27423632144928,-0.000035892604500986636,-3.4242597222328186],[9.725756049156189,5.799999713897705,-1.972740113735199]]
Columna_16_|_perfil_original_y_24_hiladas_2 [[8.356079280376434,1.4729998111724854,-3.3424163460731506],[9.643911898136139,5.142000198364258,-2.054583191871643]]
Columna_17_|_perfil_original_y_24_hiladas_1 [[8.274245500564575,-0.00024397722154390067,-8.827249825000763],[9.725746870040894,5.799999237060547,-7.375748455524445]]
Columna_17_|_perfil_original_y_24_hiladas_2 [[8.328524589538574,1.2279999256134033,-8.772970736026764],[9.671467006206512,4.896999835968018,-7.430028319358826]]
Columna_18_|_perfil_original_y_24_hiladas_1 [[8.274238049983978,-0.00007528809510404244,-15.910039901733398],[9.595253884792328,5.799998760223389,-12.474241495132446]]
Columna_18_|_perfil_original_y_24_hiladas_2 [[8.31768786907196,0.9829999208450317,-15.5525643825531],[9.423652648925781,4.6519999504089355,-12.517691314220428]]
Pavimento_|_sector_(3,_1) [[1.7999958992004395,-0.029999999329447746,-2.9802322387695312e-8],[7.7999958992004395,4.5262277126312256e-7,6]]
Pavimento_|_sector_(1,_2) [[-9.600004196166992,-0.03000045195221901,-6.000000476837158],[-4.200003623962402,-9.313225746154785e-10,2.9802322387695312e-8]]
Pavimento_|_sector_(3,_3) [[1.7999958992004395,-0.030000906437635422,-12],[7.7999958992004395,-4.5355409383773804e-7,-6]]
Pavimento_|_sector_(2,_1) [[-4.2000041007995605,-0.029999999329447746,-2.9802322387695312e-8],[1.79999577999115,4.5262277126312256e-7,6]]
Pavimento_|_sector_(3,_2) [[1.7999958992004395,-0.03000045195221901,-6.000000476837158],[7.7999958992004395,-9.313225746154785e-10,2.9802322387695312e-8]]
Pavimento_|_sector_(2,_3) [[-4.2000041007995605,-0.030000906437635422,-12],[1.79999577999115,-4.5355409383773804e-7,-6]]
Pavimento_|_sector_(3,_0) [[1.7999958992004395,-0.029999546706676483,5.999999523162842],[7.7999958992004395,9.052455425262451e-7,11.999999046325684]]
Pavimento_|_sector_(1,_4) [[-9.000003814697266,-0.030001085251569748,-14.40000057220459],[-4.200003623962402,-9.061768651008606e-7,-12]]
Pavimento_|_sector_(2,_2) [[-4.2000041007995605,-0.03000045195221901,-6.000000476837158],[1.79999577999115,-9.313225746154785e-10,2.9802322387695312e-8]]
Pavimento_|_sector_(1,_3) [[-9.600004196166992,-0.030000906437635422,-12],[-4.200003623962402,-4.5355409383773804e-7,-6]]
Pavimento_|_sector_(2,_0) [[-4.2000041007995605,-0.029999546706676483,5.999999523162842],[1.79999577999115,9.052455425262451e-7,11.999999046325684]]
Pavimento_|_sector_(1,_1) [[-9.000003814697266,-0.029999999329447746,-2.9802322387695312e-8],[-4.200003623962402,4.5262277126312256e-7,6]]
Pavimento_|_sector_(4,_3) [[7.799995422363281,-0.030000906437635422,-12],[8.999996185302734,-4.5355409383773804e-7,-6]]
Pavimento_|_sector_(2,_4) [[-4.2000041007995605,-0.030001085251569748,-14.40000057220459],[1.79999577999115,-9.061768651008606e-7,-12]]
Pavimento_|_sector_(3,_4) [[1.7999958992004395,-0.030001085251569748,-14.40000057220459],[7.7999958992004395,-9.061768651008606e-7,-12]]
Pavimento_|_sector_(1,_0) [[-9.000003814697266,-0.029999546706676483,5.999999523162842],[-4.200003623962402,9.052455425262451e-7,11.999999046325684]]
Pavimento_|_sector_(4,_1) [[7.799995422363281,-0.029999999329447746,-2.9802322387695312e-8],[8.999996185302734,4.5262277126312256e-7,6]]
Pavimento_|_sector_(4,_4) [[7.799995422363281,-0.030001085251569748,-14.40000057220459],[8.999996185302734,-9.061768651008606e-7,-12]]
Pavimento_|_sector_(4,_2) [[7.799995422363281,-0.03000045195221901,-6.000000476837158],[8.999996185302734,-9.313225746154785e-10,2.9802322387695312e-8]]
Pavimento_|_sector_(0,_2) [[-13.600004196166992,-0.030000021681189537,-0.6000000238418579],[-13.000003814697266,2.2351741790771484e-8,-2.9802322387695312e-8]]
Pavimento_|_sector_(4,_0) [[7.799995422363281,-0.029999546706676483,5.999999523162842],[8.999996185302734,6.332993507385254e-7,8.399999618530273]]
Mortero_bajo_pavimento [[-13.75,-0.05100000090897083,-14.700000047683716],[9.75,-0.03100000135600567,12.299999952316284]]
Relieves_y_celosias_|_sector_(1,_3) [[-9.378143310546875,0.10798582434654236,-6.062160491943359],[-9.318142890930176,3.7079858779907227,-4.737839698791504]]
Relieves_y_celosias_|_sector_(2,_4) [[-2.4000000953674316,5.484549522399902,-12.909658432006836],[-0.8999998569488525,5.784549713134766,-12.80965805053711]]
Relieves_y_celosias_|_sector_(1,_2) [[-9.2379732131958,2.0521368980407715,-2.250580310821533],[-9.137972831726074,2.352137565612793,1.9494197368621826]]
Relieves_y_celosias_|_sector_(5,_4) [[9.139056205749512,2.052136182785034,-12.900701522827148],[9.239056587219238,2.3521368503570557,-8.400701522827148]]
Relieves_y_celosias_|_sector_(5,_3) [[9.139056205749512,2.0521364212036133,-7.650580406188965],[9.239056587219238,2.3521370887756348,-3.1505801677703857]]
Relieves_y_celosias_|_sector_(1,_4) [[-9.2379732131958,2.052136182785034,-12.900701522827148],[-9.137972831726074,2.3521368503570557,-8.400701522827148]]
Relieves_y_celosias_|_sector_(3,_4) [[-0.8999999165534973,5.484549522399902,-12.909658432006836],[2.3999998569488525,5.784549713134766,-12.80965805053711]]
Relieves_y_celosias_|_sector_(5,_2) [[9.139056205749512,2.0521368980407715,-2.250580310821533],[9.239056587219238,2.352137565612793,1.9494197368621826]]
Relieves_y_celosias_|_sector_(5,_1) [[9.139056205749512,2.0521373748779297,1.9494198560714722],[9.239056587219238,2.352137565612793,2.249419927597046]]
Relieves_y_celosias_|_sector_(1,_1) [[-9.2379732131958,2.0521373748779297,1.9494198560714722],[-9.137972831726074,2.352137565612793,2.249419927597046]]
Relieves_y_celosias_|_sector_(0,_2) [[-15.555835723876953,1.9738878011703491,-0.2445719689130783],[-15.455835342407227,2.273887872695923,0.05542804300785065]]
Beam [[-1.5,0.5903140306472778,-10.420000076293945],[1.5,0.6599992513656616,-9.979999542236328]]
Base_3 [[6.002739906311035,-9.040150530381652e-7,-11.735081672668457],[6.702739715576172,0.029999148100614548,-11.035080909729004]]
Foot_3 [[6.2327399253845215,0.029999136924743652,-11.505081176757812],[6.4727396965026855,0.7399991154670715,-11.265081405639648]]
Foot_5 [[-2.0999999046325684,-7.77091031523014e-7,-10.500000953674316],[-1.5,0.6599991917610168,-9.90000057220459]]
Table_Slab [[-2.5,0.6599993109703064,-11.19997501373291],[2.5,0.7399992942810059,-9.19997501373291]]
Foot_4 [[1.5,-7.77091031523014e-7,-10.500000953674316],[2.0999999046325684,0.6599991917610168,-9.90000057220459]]
Scalloped_carved_back [[-0.2532303537926423,0.29966734318691124,-8.915546482232768],[0.5532303624789258,1.5047554066987345,-8.221453930589002]]
Scalloped_carved_back_1 [[-0.31212366449293555,0.3419443442782111,-8.930437114242217],[0.6121236712384371,1.4519403668602138,-8.228763255640366]]
Scalloped_carved_back_2 [[-0.3219552104529158,0.32031641657695786,-8.90865966302559],[0.6201128454229001,1.5255044275426144,-8.297470072101184]]
Scalloped_carved_back_3 [[-0.2253392805878141,0.3771286929572426,-8.415380585575535],[0.5253393170040388,1.4710477970876923,-8.404426272392891]]
Scalloped_carved_back_4 [[-0.32134256123472743,0.06843452556709373,-8.944022249966844],[0.6213307058576292,1.4559501740217229,-8.18339987989735]]
Scalloped_carved_back_5 [[-0.2811516452347171,0.00007839915603736862,-8.964285196888758],[0.5074188855017622,0.10983227245494831,-8.135969942695214]]
Scalloped_carved_back [[-0.2532303218355736,0.29966734318691124,-12.048546491923155],[0.5532303337565025,1.5047554066987345,-11.354454010782419]]
Scalloped_carved_back_1 [[-0.31212363123408693,0.3419443442782111,-12.041237161723174],[0.6121236431550159,1.4519403668602138,-11.339563383921586]]
Scalloped_carved_back_2 [[-0.3201128114250906,0.32031641657695786,-11.972530344402855],[0.6219551910188414,1.5255044275426144,-11.36134083583665]]
Scalloped_carved_back_3 [[-0.22533929235663663,0.3771286929572426,-11.865574152557578],[0.5253393042775656,1.4710477970876923,-11.85461990500134]]
Scalloped_carved_back_4 [[-0.3213306618874867,0.06843452556709373,-12.08660053666025],[0.6213425387091576,1.4559501740217229,-11.325978249001864]]
Scalloped_carved_back_5 [[-0.20741883738516265,0.00007839915603736862,-12.134030477375987],[0.5811516209377032,0.10983227245494831,-11.305715292121462]]
Scalloped_carved_back [[-3.448546208774089,0.29966734318691124,-10.603230240353117],[-2.7544535260207494,1.5047554066987345,-9.796769383148439]]
Scalloped_carved_back_1 [[-3.441236885504873,0.3419443442782111,-10.662123559665156],[-2.7395628892463915,1.4519403668602138,-9.73787606681916]]
Scalloped_carved_back_2 [[-3.37253006027414,0.32031641657695786,-10.671955105923944],[-2.7613403430140315,1.5255044275426144,-9.729886894786109]]
Scalloped_carved_back_3 [[-3.265573841077151,0.3771286929572426,-10.575339139925056],[-3.2546194911887945,1.4710477970876923,-9.824660440958736]]
Scalloped_carved_back_4 [[-3.4866002677755596,0.06843452556709373,-10.671342458283222],[-2.72597775126434,1.4559501740217229,-9.728669028833743]]
Scalloped_carved_back_5 [[-3.534030209463924,0.00007839915603736862,-10.631151537834269],[-2.705714806966493,0.10983227245494831,-9.842580862268496]]
Scalloped_carved_back [[2.7544535260207494,0.29966734318691124,-10.603230240353117],[3.448546208774089,1.5047554066987345,-9.796769383148439]]
Scalloped_carved_back_1 [[2.7395628892463915,0.3419443442782111,-10.662123559665156],[3.441236885504873,1.4519403668602138,-9.73787606681916]]
Scalloped_carved_back_2 [[2.761340342766493,0.32031641657695786,-10.670112738003583],[3.3725300600266017,1.5255044275426144,-9.728044526865748]]
Scalloped_carved_back_3 [[3.2546194911887945,0.3771286929572426,-10.575339139925056],[3.265573841077151,1.4710477970876923,-9.824660440958736]]
Scalloped_carved_back_4 [[2.7259777512627457,0.06843452556709373,-10.671330593380885],[3.4866002677739654,1.4559501740217229,-9.728657163931407]]
Scalloped_carved_back_5 [[2.7057147970598425,0.00007839915603736862,-10.557418756296006],[3.534030199557273,0.10983227245494831,-9.768848080730235]]
Mesa_|_campo_de_cuero [[-2.259999990463257,0.7399999918416142,-10.98499983549118],[2.259999990463257,0.7519999919459224,-9.414999783039093]]
Mesa_|_filete_de_laton [[-2.434999942779541,0.7510000290349126,-9.2409996567294],[2.434999942779541,0.7630000291392207,-9.228999656625092]]
Mesa_|_faldon_tallado [[-2.375,0.5339999832212925,-9.266999658197165],[2.375,0.6539999805390835,-9.202999655157328]]
Mesa_|_filete_de_laton001 [[-2.434999942779541,0.7510000290349126,-11.170999961905181],[2.434999942779541,0.7630000291392207,-11.158999961800873]]
Mesa_|_faldon_tallado001 [[-2.375,0.5339999832212925,-11.196999963372946],[2.375,0.6539999805390835,-11.132999960333109]]
Mesa_|_filete_transversal [[-2.45600004773587,0.7510000290349126,-11.169999837875366],[-2.4440000476315618,0.7630000291392207,-9.229999780654907]]
Mesa_|_filete_transversal001 [[2.4440000476315618,0.7510000290349126,-11.169999837875366],[2.45600004773587,0.7630000291392207,-9.229999780654907]]
Mesa_|_remate_del_soporte [[-2.179999977350235,0.10500000044703484,-10.629999816417694],[-1.879999965429306,0.17500000074505806,-9.76999980211258]]
Mesa_|_remate_del_soporte001 [[1.879999965429306,0.10500000044703484,-10.629999816417694],[2.179999977350235,0.17500000074505806,-9.76999980211258]]
Base_7 [[2.8949661254882812,1.1466156244277954,-12.171298027038574],[3.1032934188842773,1.2966643571853638,-11.962969779968262]]
Base_2 [[2.7920448780059814,1.6000003814697266,6.590094566345215],[3.1955244541168213,1.6650949716567993,6.989808082580566]]
Vase_Big_2 [[-7.749894142150879,0.8500639200210571,-7.749889850616455],[-7.250114440917969,1.650147557258606,-7.250110626220703]]
Stand [[6.554470539093018,-6.767829177078966e-7,-8.964262008666992],[7.094470500946045,1.4603866338729858,-8.424261093139648]]
Base_5 [[-7.794529438018799,-5.884801339561818e-7,-7.794525146484375],[-7.205479145050049,0.8499994277954102,-7.205474853515625]]
Postament [[-3.2400407791137695,-0.0003660802321974188,-12.425110816955566],[-2.7600252628326416,1.1499990224838257,-11.944855690002441]]
Zylinder_2 [[6.8119707107543945,1.452797293663025,-8.706761360168457],[6.836970329284668,1.702797293663025,-8.681761741638184]]
Zylinder_1 [[6.8094706535339355,1.6877973079681396,-8.81926155090332],[6.839470386505127,1.7177972793579102,-8.56926155090332]]
Sphere [[-3.15415358543396,1.6556804180145264,6.63501501083374],[-2.845088243484497,1.7619301080703735,6.944080829620361]]
Foot [[-3.287710428237915,4.985951136404765e-7,6.572962284088135],[-2.7122809886932373,1.6000003814697266,7.018219947814941]]
Postament_2 [[2.7589614391326904,-0.00036586335045285523,-12.307332992553711],[3.239330530166626,1.1499990224838257,-11.826977729797363]]
Foot_2 [[2.712285280227661,4.985951136404765e-7,6.572962284088135],[3.287714719772339,1.6000003814697266,7.018219947814941]]
Base [[-3.2079508304595947,1.6000003814697266,6.590094566345215],[-2.804471254348755,1.6650949716567993,6.989808082580566]]
Sphere_2 [[2.845842123031616,1.6556804180145264,6.63501501083374],[3.154907464981079,1.7619301080703735,6.944080829620361]]
Base_6 [[-3.104163646697998,1.1466156244277954,-12.289093971252441],[-2.895836353302002,1.2966643571853638,-12.080765724182129]]
Vase_Big [[-7.754291534423828,0.8500221967697144,-3.54988956451416],[-7.254512786865234,1.650154948234558,-3.050110340118408]]
Base_4 [[-7.798927307128906,-2.606545876915334e-7,-3.59452486038208],[-7.209877014160156,0.849999725818634,-3.0054750442504883]]
Cut_crystal_decanter [[1.278000025463104,0.7519999742507935,-10.311600299167633],[1.4724000409126283,1.0615999917030337,-10.117200283718109]]
Crystal_stopper [[1.332000032067299,1.0435999818146229,-10.257600292563438],[1.4184000343084335,1.137199979275465,-10.171200290322304]]
Crystal_tumbler [[1.0576799345684051,0.7519999742507935,-10.027919726305008],[1.174319939546585,0.8815999845504763,-9.911279721326828]]
Crystal_tumbler001 [[1.5400799942684174,0.7519999742507935,-10.027919726305008],[1.6567199992465973,0.8815999845504763,-9.911279721326828]]
Leather_folio [[-1.1591999967575077,0.7523600131136179,-10.109999482488632],[-0.6407999555587764,0.7718000143903494,-9.757199461603165]]
Paper_on_folio [[-1.1339999768733975,0.7735999948790669,-10.091999477481842],[-0.6659999754428867,0.7779199950882792,-9.775199466609955]]
Instrument_case [[0.2304000069618226,0.7555999418973922,-10.650000134801864],[0.8208000252723693,0.9211999514818192,-10.225200136804581]]
Instrument_lid [[0.21959999537467922,0.9136400289416313,-10.660800146389008],[0.8316000368595127,0.9532400303006172,-10.214400125217438]]
Instrument_clasp [[0.32760001052618026,0.8297600135111809,-10.216200050845742],[0.37800001274347306,0.8902400150990486,-10.198200049862265]]
Instrument_clasp001 [[0.665999957215786,0.8297600135111809,-10.216200050845742],[0.7163999594330788,0.8902400150990486,-10.198200049862265]]
Tyrell_Corporation_Pyramid [[-141.41505432128906,-24.21087074279785,-356.90655517578125],[42.94364547729492,37.59683609008789,-172.65457153320312]]
Cielo_|_fondo_a_900_m [[-500,-240,-900],[500,260,-900]]
Sol_|_disco_a_650_m [[-5.0000001192092896,38.99999988079071,-650],[9.00000011920929,53.00000011920929,-650]]
Camera_free [1.076318383216858,3.1926424503326416,3.6374878883361816]
Camera_F [9.068217277526855,1.2782174348831177,-0.05297986418008804]
Camera_E [0.004931240808218718,1.4353032112121582,-3.1489357948303223]
Camera_D [-7.3531646728515625,1.4499995708465576,-5.332120418548584]
Camera_C [8.955464363098145,1.8684768676757812,-10.740445137023926]
Camera_B [1.05706787109375,1.7999989986419678,-13.178332328796387]
CAM_01_|_fotograma_general [-0.11999999731779099,1.550000786781311,10.300000190734863]
CAM_02_|_mesa_y_juntas [1.899999976158142,1.6200000047683716,-7]
CAM_03_|_perfiles_invertidos [-0.800000011920929,1.7999999523162842,2.799999952316284]
CAM_04_|_recorrido_lateral [-1.899999976158142,1.649999976158142,5.400000095367432]
